100
53 41 15330
55 46 15300
54 47 15300
53 48 15296
55 47 15295
54 48 15295
55 48 15293
56 45 15291
56 47 15289
56 46 15286
54 49 15285
56 48 15283
55 49 15283
53 49 15279
57 44 15278
57 45 15276
57 46 15276
57 47 15272
56 49 15272
57 48 15270
52 49 15269
55 50 15266
58 45 15265
54 50 15265
58 46 15262
58 44 15261
58 43 15260
53 50 15260
58 47 15258
57 49 15256
56 50 15256
58 48 15251
59 45 15249
59 46 15247
52 50 15247
59 44 15245
58 49 15242
59 47 15241
57 50 15240
59 43 15238
59 48 15237
59 42 15234
51 50 15234
55 51 15234
54 51 15233
53 51 15229
56 51 15228
59 49 15225
58 50 15224
60 45 15217
52 51 15217
60 46 15216
60 47 15214
57 51 15213
60 44 15212
59 50 15210
60 48 15209
60 43 15205
51 51 15201
60 49 15197
58 51 15194
60 42 15193
55 52 15193
54 52 15192
53 52 15188
56 52 15187
50 51 15186
60 41 15184
60 50 15182
61 46 15180
61 47 15180
59 51 15178
61 45 15177
52 52 15177
61 48 15176
57 52 15174
61 44 15171
51 52 15165
61 49 15164
61 43 15161
58 52 15157
50 52 15155
60 51 15154
55 53 15152
61 42 15151
54 53 15150
61 50 15149
53 53 15146
56 53 15144
49 52 15143
61 41 15138
62 47 15138
59 52 15138
52 53 15138
62 46 15137
62 48 15137
62 45 15132
57 53 15131
51 53 15130
62 49 15126
